0    2.0
1    0.0
2    2.0
3    1.0
4    1.0
5    2.0
6    0.0
7    3.0
8    1.0
9    3.0
10    4.0
11    2.0
12    0.0
13    4.0
14    3.0
15    0.0
16    6.0
17    5.0
18    2.0
19    2.0
20    0.0
21    1.0
22    4.0
23    2.0
24    3.0
25    0.0
26    0.0
27    0.0
28    2.0
29    0.0
30    0.0
31    1.0
32    1.0
33    2.0
34    0.0
35    1.0
36    2.0
37    0.0
38    3.0
39    3.0
40    3.0
41    0.0
42    3.0
43    0.0
44    1.0
45    3.0
46    1.0
47    2.0
48    3.0
49    2.0
50    1.0
51    1.0
52    1.0
53    0.0
54    0.0
55    2.0
56    2.0
57    2.0
58    1.0
59    2.0
60    0.0
61    0.0
62    1.0
63    0.0
64    1.0
65    2.0
66    1.0
67    0.0
68    2.0
69    3.0
70    2.0
71    0.0
72    2.0
73    0.0
74    0.0
75    0.0
76    1.0
77    0.0
78    0.0
79    0.0
80    0.0
81    2.0
82    0.0
83    3.0
84    1.0
85    1.0
86    4.0
87    2.0
88    0.0
89    2.0
90    1.0
91    1.0
92    0.0
93    2.0
94    1.0
95    1.0
96    3.0
97    0.0
98    0.0
99    3.0
100    1.0
101    2.0
102    0.0
103    1.0
104    1.0
105    2.0
106    1.0
107    2.0
108    2.0
109    1.0
110    2.0
111    1.0
112    1.0
113    1.0
114    1.0
115    1.0
116    0.0
117    2.0
118    1.0
119    2.0
120    1.0
121    0.0
122    1.0
123    0.0
124    0.0
125    2.0
126    5.0
127    1.0
128    3.0
129    1.0
130    0.0
131    4.0
132    0.0
133    2.0
134    5.0
135    3.0
136    2.0
137    1.0
138    3.0
139    1.0
140    6.0
141    1.0
142    0.0
143    3.0
144    0.0
145    2.0
146    0.0
147    3.0
148    2.0
149    3.0
150    1.0
151    3.0
152    2.0
153    0.0
154    2.0
155    0.0
156    1.0
157    0.0
158    0.0
159    1.0
160    0.0
161    0.0
162    0.0
163    2.0
164    2.0
165    2.0
166    0.0
167    1.0
168    1.0
169    1.0
170    0.0
171    0.0
172    1.0
173    0.0
174    1.0
175    1.0
176    0.0
177    0.0
178    0.0
179    0.0
180    1.0
181    0.0
182    1.0
183    1.0
184    2.0
185    1.0
186    0.0
187    0.0
188    1.0
189    2.0
190    1.0
191    1.0
192    1.0
193    1.0
194    0.0
195    0.0
196    0.0
197    0.0
198    0.0
199    2.0
200    2.0
201    0.0
202    1.0
203    0.0
204    0.0
205    1.0
206    1.0
207    1.0
208    0.0
209    1.0
210    1.0
211    3.0
212    0.0
213    1.0
214    0.0
215    0.0
216    1.0
217    0.0
218    1.0
219    0.0
220    1.0
221    0.0
222    1.0
223    0.0
224    1.0
225    2.0
226    0.0
227    3.0
228    1.0
229    0.0
230    2.0
231    1.0
232    1.0
233    0.0
234    0.0
235    0.0
236    0.0
237    2.0
238    0.0
239    2.0
240    0.0
241    1.0
242    1.0
243    1.0
244    2.0
245    0.0
246    0.0
247    1.0
248    0.0
249    0.0
250    2.0
251    1.0
252    2.0
253    1.0
254    3.0
255    2.0
256    3.0
257    0.0
258    2.0
259    1.0
260    2.0
261    1.0
262    2.0
263    1.0
264    2.0
265    1.0
266    2.0
267    0.0
268    1.0
269    1.0
270    2.0
271    2.0
272    0.0
273    0.0
274    3.0
275    4.0
276    1.0
277    3.0
278    0.0
279    0.0
280    5.0
281    5.0
282    4.0
283    0.0
284    2.0
285    6.0
286    1.0
287    3.0
288    4.0
289    0.0
290    4.0
291    1.0
292    0.0
293    2.0
294    1.0
295    1.0
296    2.0
297    2.0
298    2.0
299    1.0
300    2.0
301    3.0
302    1.0
303    1.0
304    1.0
305    0.0
306    1.0
307    6.0
308    0.0
309    1.0
310    5.0
311    1.0
312    2.0
313    3.0
314    5.0
315    3.0
316    1.0
317    3.0
318    2.0
319    4.0
320    6.0
321    3.0
322    1.0
323    3.0
324    1.0
325    4.0
326    5.0
327    6.0
328    4.0
329    3.0
330    3.0
331    4.0
332    5.0
333    3.0
334    5.0
335    4.0
336    6.0
337    3.0
338    2.0
339    2.0
340    5.0
341    3.0
342    5.0
343    3.0
344    5.0
345    2.0
346    2.0
347    6.0
348    4.0
349    8.0
350    5.0
351    4.0
352    10.0
353    4.0
354    3.0
355    4.0
356    6.0
357    8.0
358    3.0
359    2.0
360    3.0
361    6.0
362    2.0
363    7.0
364    8.0
365    3.0
366    7.0
367    6.0
368    6.0
369    1.0
370    6.0
371    6.0
372    9.0
373    5.0
374    7.0
375    7.0
376    3.0
377    7.0
378    4.0
379    3.0
380    11.0
381    10.0
382    3.0
383    7.0
384    6.0
385    6.0
386    8.0
387    10.0
388    5.0
389    5.0
390    10.0
391    8.0
392    6.0
393    8.0
394    8.0
395    5.0
396    10.0
397    7.0
398    4.0
399    6.0
400    10.0
401    7.0
402    15.0
403    7.0
404    14.0
405    3.0
406    14.0
407    6.0
408    9.0
409    5.0
410    13.0
411    6.0
412    9.0
413    4.0
414    6.0
415    13.0
416    10.0
417    7.0
418    9.0
419    8.0
420    9.0
421    8.0
422    9.0
423    5.0
424    7.0
425    9.0
426    7.0
427    8.0
428    7.0
429    9.0
430    10.0
431    8.0
432    9.0
433    6.0
434    9.0
435    12.0
436    11.0
437    11.0
438    7.0
439    6.0
440    10.0
441    13.0
442    11.0
443    13.0
444    11.0
445    11.0
446    9.0
447    8.0
448    12.0
449    10.0
450    11.0
451    6.0
452    8.0
453    8.0
454    11.0
455    10.0
456    7.0
457    7.0
458    9.0
459    10.0
460    13.0
461    13.0
462    7.0
463    8.0
464    15.0
465    12.0
466    11.0
467    12.0
468    17.0
469    10.0
470    9.0
471    10.0
472    16.0
473    6.0
474    6.0
475    9.0
476    9.0
477    10.0
478    8.0
479    14.0
480    11.0
481    16.0
482    10.0
483    6.0
484    13.0
485    13.0
486    13.0
487    11.0
488    4.0
489    8.0
490    14.0
491    8.0
492    12.0
493    10.0
494    13.0
495    8.0
496    11.0
497    7.0
498    10.0
499    9.0
500    8.0
501    8.0
502    11.0
503    11.0
504    10.0
505    11.0
506    10.0
507    9.0
508    6.0
509    9.0
510    11.0
511    5.0
512    6.0
513    11.0
514    7.0
515    8.0
516    9.0
517    9.0
518    15.0
519    9.0
520    3.0
521    5.0
522    11.0
523    4.0
524    2.0
525    7.0
526    6.0
527    9.0
528    8.0
529    7.0
530    7.0
531    3.0
532    7.0
533    5.0
534    5.0
535    2.0
536    10.0
537    5.0
538    5.0
539    5.0
540    6.0
541    9.0
542    8.0
543    13.0
544    7.0
545    6.0
546    9.0
547    5.0
548    2.0
549    4.0
550    6.0
551    4.0
552    5.0
553    2.0
554    7.0
555    11.0
556    7.0
557    8.0
558    6.0
559    9.0
560    9.0
561    11.0
562    7.0
563    8.0
564    7.0
565    2.0
566    5.0
567    5.0
568    7.0
569    9.0
570    6.0
571    9.0
572    5.0
573    10.0
574    8.0
575    4.0
576    8.0
577    9.0
578    9.0
579    6.0
580    5.0
581    7.0
582    10.0
583    12.0
584    6.0
585    16.0
586    3.0
587    2.0
588    5.0
589    5.0
590    6.0
591    3.0
592    4.0
593    9.0
594    3.0
595    9.0
596    6.0
597    7.0
598    6.0
599    3.0
600    4.0
601    8.0
602    7.0
603    8.0
604    5.0
605    9.0
606    7.0
607    6.0
608    1.0
609    13.0
610    8.0
611    9.0
612    7.0
613    6.0
614    4.0
615    6.0
616    7.0
617    7.0
618    8.0
619    7.0
620    11.0
621    6.0
622    6.0
623    7.0
624    11.0
625    11.0
626    6.0
627    3.0
628    6.0
629    8.0
630    2.0
631    3.0
632    8.0
633    5.0
634    11.0
635    7.0
636    6.0
637    14.0
638    11.0
639    7.0
640    6.0
641    5.0
642    10.0
643    8.0
644    5.0
645    3.0
646    7.0
647    6.0
648    2.0
649    2.0
650    1.0
651    6.0
652    10.0
653    13.0
654    2.0
655    4.0
656    5.0
657    12.0
658    8.0
659    3.0
660    3.0
661    9.0
662    0.0
663    8.0
664    8.0
665    7.0
666    4.0
667    11.0
668    13.0
669    6.0
670    6.0
671    6.0
672    6.0
673    11.0
674    8.0
675    5.0
676    9.0
677    2.0
678    8.0
679    5.0
680    6.0
681    8.0
682    5.0
683    9.0
684    5.0
685    3.0
686    11.0
687    5.0
688    2.0
689    2.0
690    6.0
691    6.0
692    5.0
693    6.0
694    9.0
695    8.0
696    7.0
697    8.0
698    5.0
699    6.0
700    10.0
701    3.0
702    4.0
703    3.0
704    8.0
705    3.0
706    4.0
707    8.0
708    7.0
709    6.0
710    5.0
711    8.0
712    5.0
713    8.0
714    6.0
715    5.0
716    9.0
717    4.0
718    9.0
719    8.0
720    9.0
721    7.0
722    8.0
723    5.0
724    4.0
725    11.0
726    5.0
727    10.0
728    10.0
729    3.0
730    7.0
731    5.0
732    7.0
733    10.0
734    7.0
735    3.0
736    3.0
737    2.0
738    8.0
739    8.0
740    12.0
741    7.0
742    5.0
743    5.0
744    7.0
745    4.0
746    3.0
747    2.0
748    13.0
749    6.0
750    9.0
751    4.0
752    8.0
753    8.0
754    9.0
755    5.0
756    5.0
757    7.0
758    12.0
759    7.0
760    5.0
761    1.0
762    9.0
763    11.0
764    8.0
765    5.0
766    3.0
767    7.0
768    7.0
769    10.0
770    4.0
771    4.0
772    7.0
773    8.0
774    3.0
775    4.0
776    8.0
777    8.0
778    9.0
779    9.0
780    7.0
781    13.0
782    5.0
783    4.0
784    6.0
785    7.0
786    4.0
787    10.0
788    7.0
789    7.0
790    12.0
791    13.0
792    3.0
793    8.0
794    10.0
795    12.0
796    4.0
797    6.0
798    4.0
799    7.0
800    2.0
801    12.0
802    7.0
803    5.0
804    15.0
805    4.0
806    7.0
807    14.0
808    9.0
809    9.0
810    8.0
811    6.0
812    7.0
813    6.0
814    9.0
815    4.0
816    9.0
817    4.0
818    7.0
819    8.0
820    7.0
821    11.0
822    7.0
823    8.0
824    12.0
825    10.0
826    9.0
827    7.0
828    6.0
829    9.0
830    4.0
831    9.0
832    11.0
833    12.0
834    10.0
835    10.0
836    5.0
837    8.0
838    5.0
839    13.0
840    6.0
841    8.0
842    5.0
843    8.0
844    13.0
845    6.0
846    6.0
847    7.0
848    13.0
849    6.0
850    3.0
851    5.0
852    7.0
853    12.0
854    10.0
855    7.0
856    8.0
857    7.0
858    13.0
859    8.0
860    15.0
861    7.0
862    5.0
863    11.0
864    9.0
865    9.0
866    8.0
867    10.0
868    2.0
869    12.0
870    8.0
871    10.0
872    7.0
873    13.0
874    6.0
875    8.0
876    11.0
877    7.0
878    6.0
879    10.0
880    10.0
881    5.0
882    7.0
883    7.0
884    7.0
885    4.0
886    9.0
887    5.0
888    13.0
889    6.0
890    5.0
891    10.0
892    6.0
893    5.0
894    7.0
895    13.0
896    10.0
897    7.0
898    5.0
899    9.0
900    12.0
901    9.0
902    12.0
903    12.0
904    12.0
905    16.0
906    14.0
907    12.0
908    8.0
909    9.0
910    9.0
911    5.0
912    6.0
913    8.0
914    7.0
915    13.0
916    6.0
917    7.0
918    8.0
919    11.0
920    4.0
921    12.0
922    8.0
923    11.0
924    12.0
925    6.0
926    12.0
927    7.0
928    14.0
929    10.0
930    7.0
931    13.0
932    9.0
933    15.0
934    11.0
935    7.0
936    6.0
937    9.0
938    12.0
939    13.0
940    7.0
941    12.0
942    17.0
943    11.0
944    16.0
945    12.0
946    8.0
947    11.0
948    13.0
949    7.0
950    15.0
951    12.0
952    8.0
953    14.0
954    18.0
955    5.0
956    7.0
957    9.0
958    9.0
959    11.0
960    8.0
961    6.0
962    9.0
963    8.0
964    7.0
965    14.0
966    18.0
967    8.0
968    12.0
969    7.0
970    14.0
971    13.0
972    13.0
973    11.0
974    10.0
975    12.0
976    11.0
977    6.0
978    14.0
979    17.0
980    9.0
981    9.0
982    4.0
983    17.0
984    6.0
985    12.0
986    14.0
987    13.0
988    6.0
989    3.0
990    16.0
991    15.0
992    10.0
993    4.0
994    8.0
995    12.0
996    12.0
997    11.0
998    9.0
999    10.0
1000    9.0
1001    9.0
1002    13.0
1003    12.0
1004    18.0
1005    10.0
1006    20.0
1007    16.0
1008    7.0
1009    17.0
1010    11.0
1011    14.0
1012    13.0
1013    15.0
1014    10.0
1015    11.0
1016    14.0
1017    22.0
1018    12.0
1019    15.0
1020    14.0
1021    10.0
1022    11.0
1023    13.0
1024    11.0
1025    10.0
1026    17.0
1027    12.0
1028    17.0
1029    11.0
1030    10.0
1031    20.0
1032    12.0
1033    11.0
1034    18.0
1035    14.0
1036    11.0
1037    14.0
1038    13.0
1039    13.0
1040    12.0
1041    8.0
1042    19.0
1043    14.0
1044    9.0
1045    11.0
1046    12.0
1047    11.0
1048    11.0
1049    15.0
1050    5.0
1051    15.0
1052    12.0
1053    17.0
1054    12.0
1055    11.0
1056    14.0
1057    15.0
1058    9.0
1059    23.0
1060    18.0
1061    19.0
1062    15.0
1063    11.0
1064    9.0
1065    14.0
1066    15.0
1067    14.0
1068    6.0
1069    14.0
1070    18.0
1071    14.0
1072    7.0
1073    9.0
1074    16.0
1075    10.0
1076    12.0
1077    12.0
1078    12.0
1079    13.0
1080    10.0
1081    14.0
1082    16.0
1083    12.0
1084    8.0
1085    13.0
1086    14.0
1087    9.0
1088    12.0
1089    10.0
1090    14.0
1091    14.0
1092    9.0
1093    8.0
1094    10.0
1095    13.0
1096    8.0
1097    12.0
1098    7.0
1099    6.0
1100    9.0
1101    15.0
1102    6.0
1103    14.0
1104    9.0
1105    6.0
1106    11.0
1107    14.0
1108    9.0
1109    15.0
1110    11.0
1111    8.0
1112    6.0
1113    7.0
1114    11.0
1115    13.0
1116    3.0
1117    10.0
1118    10.0
1119    14.0
1120    12.0
1121    8.0
1122    16.0
1123    8.0
1124    7.0
1125    8.0
1126    13.0
1127    13.0
1128    13.0
1129    8.0
1130    8.0
1131    15.0
1132    11.0
1133    9.0
1134    7.0
1135    10.0
1136    16.0
1137    3.0
1138    9.0
1139    10.0
1140    11.0
1141    11.0
1142    14.0
1143    5.0
1144    11.0
1145    8.0
1146    16.0
1147    11.0
1148    8.0
1149    4.0
1150    11.0
1151    6.0
1152    6.0
1153    11.0
1154    6.0
1155    9.0
1156    10.0
1157    12.0
1158    6.0
1159    10.0
1160    12.0
1161    8.0
1162    5.0
1163    10.0
1164    14.0
1165    10.0
1166    9.0
1167    9.0
1168    3.0
1169    10.0
1170    9.0
1171    10.0
1172    6.0
1173    7.0
1174    7.0
1175    9.0
1176    8.0
1177    11.0
1178    9.0
1179    12.0
1180    9.0
1181    6.0
1182    3.0
1183    6.0
1184    6.0
1185    5.0
1186    9.0
1187    11.0
1188    7.0
1189    7.0
1190    3.0
1191    8.0
1192    9.0
1193    6.0
1194    12.0
1195    9.0
1196    7.0
1197    10.0
1198    10.0
1199    6.0
1200    4.0
1201    10.0
1202    11.0
1203    9.0
1204    6.0
1205    9.0
1206    12.0
1207    7.0
1208    15.0
1209    7.0
1210    7.0
1211    8.0
1212    12.0
1213    4.0
1214    3.0
1215    8.0
1216    10.0
1217    8.0
1218    9.0
1219    8.0
1220    6.0
1221    9.0
1222    9.0
1223    11.0
1224    5.0
1225    4.0
1226    6.0
1227    9.0
1228    7.0
1229    6.0
1230    8.0
1231    4.0
1232    4.0
1233    5.0
1234    10.0
1235    6.0
1236    8.0
1237    7.0
1238    5.0
1239    12.0
1240    13.0
1241    14.0
1242    5.0
1243    8.0
1244    8.0
1245    6.0
1246    9.0
1247    9.0
1248    8.0
1249    5.0
1250    6.0
1251    6.0
1252    5.0
1253    7.0
1254    8.0
1255    3.0
1256    3.0
1257    6.0
1258    10.0
1259    4.0
1260    4.0
1261    5.0
1262    7.0
1263    6.0
1264    8.0
1265    7.0
1266    7.0
1267    6.0
1268    11.0
1269    6.0
1270    10.0
1271    7.0
1272    5.0
1273    7.0
1274    5.0
1275    9.0
1276    6.0
1277    6.0
1278    7.0
1279    7.0
1280    9.0
1281    8.0
1282    9.0
1283    5.0
1284    7.0
1285    7.0
1286    7.0
1287    9.0
1288    7.0
1289    8.0
1290    2.0
1291    13.0
1292    10.0
1293    3.0
1294    8.0
1295    6.0
1296    5.0
1297    10.0
1298    8.0
1299    3.0
1300    6.0
1301    10.0
1302    7.0
1303    10.0
1304    5.0
1305    9.0
1306    10.0
1307    6.0
1308    3.0
1309    9.0
1310    10.0
1311    10.0
1312    7.0
1313    5.0
1314    10.0
1315    3.0
1316    10.0
1317    4.0
1318    4.0
1319    9.0
1320    9.0
1321    9.0
1322    7.0
1323    13.0
1324    4.0
1325    5.0
1326    7.0
1327    7.0
1328    8.0
1329    4.0
1330    6.0
1331    6.0
1332    5.0
1333    10.0
1334    3.0
1335    9.0
1336    5.0
1337    4.0
1338    7.0
1339    6.0
1340    5.0
1341    7.0
1342    3.0
1343    5.0
1344    3.0
1345    5.0
1346    7.0
1347    9.0
1348    6.0
1349    4.0
1350    4.0
1351    6.0
1352    7.0
1353    5.0
1354    6.0
1355    5.0
1356    4.0
1357    10.0
1358    6.0
1359    3.0
1360    5.0
1361    3.0
1362    5.0
1363    3.0
1364    0.0
1365    4.0
1366    8.0
1367    5.0
1368    4.0
1369    8.0
1370    5.0
1371    3.0
1372    6.0
1373    7.0
1374    3.0
1375    2.0
1376    4.0
1377    5.0
1378    3.0
1379    5.0
1380    5.0
1381    3.0
1382    2.0
1383    3.0
1384    5.0
1385    2.0
1386    2.0
1387    5.0
1388    1.0
1389    5.0
1390    1.0
1391    1.0
1392    6.0
1393    0.0
1394    0.0
1395    3.0
1396    3.0
1397    4.0
1398    6.0
1399    3.0
1400    9.0
1401    8.0
1402    3.0
1403    3.0
1404    5.0
1405    3.0
1406    9.0
1407    4.0
1408    6.0
1409    7.0
1410    6.0
1411    4.0
1412    5.0
1413    3.0
1414    5.0
1415    3.0
1416    4.0
1417    4.0
1418    4.0
1419    3.0
1420    5.0
1421    8.0
1422    3.0
1423    3.0
1424    1.0
1425    8.0
1426    4.0
1427    4.0
1428    6.0
1429    4.0
1430    4.0
1431    1.0
1432    8.0
1433    3.0
1434    2.0
1435    4.0
1436    4.0
1437    3.0
1438    3.0
1439    5.0
