0    0.0
1    0.0
2    2.0
3    3.0
4    0.0
5    0.0
6    0.0
7    1.0
8    0.0
9    0.0
10    0.0
11    0.0
12    0.0
13    0.0
14    2.0
15    0.0
16    0.0
17    0.0
18    0.0
19    2.0
20    0.0
21    0.0
22    0.0
23    0.0
24    2.0
25    1.0
26    1.0
27    2.0
28    0.0
29    1.0
30    1.0
31    0.0
32    0.0
33    0.0
34    1.0
35    0.0
36    0.0
37    1.0
38    0.0
39    2.0
40    2.0
41    1.0
42    0.0
43    1.0
44    0.0
45    3.0
46    2.0
47    0.0
48    2.0
49    1.0
50    0.0
51    0.0
52    0.0
53    0.0
54    2.0
55    1.0
56    0.0
57    1.0
58    0.0
59    1.0
60    1.0
61    1.0
62    1.0
63    0.0
64    0.0
65    0.0
66    0.0
67    0.0
68    1.0
69    0.0
70    1.0
71    0.0
72    1.0
73    1.0
74    0.0
75    0.0
76    0.0
77    0.0
78    1.0
79    0.0
80    1.0
81    0.0
82    0.0
83    0.0
84    0.0
85    0.0
86    0.0
87    1.0
88    0.0
89    0.0
90    2.0
91    0.0
92    0.0
93    0.0
94    0.0
95    0.0
96    0.0
97    1.0
98    0.0
99    0.0
100    2.0
101    0.0
102    0.0
103    0.0
104    1.0
105    0.0
106    0.0
107    1.0
108    0.0
109    2.0
110    1.0
111    0.0
112    0.0
113    2.0
114    1.0
115    0.0
116    0.0
117    2.0
118    0.0
119    0.0
120    1.0
121    0.0
122    1.0
123    0.0
124    0.0
125    0.0
126    2.0
127    0.0
128    2.0
129    1.0
130    1.0
131    0.0
132    2.0
133    1.0
134    0.0
135    1.0
136    3.0
137    0.0
138    2.0
139    1.0
140    2.0
141    3.0
142    0.0
143    1.0
144    0.0
145    0.0
146    1.0
147    0.0
148    1.0
149    0.0
150    0.0
151    1.0
152    1.0
153    0.0
154    1.0
155    1.0
156    1.0
157    1.0
158    1.0
159    0.0
160    0.0
161    0.0
162    0.0
163    2.0
164    2.0
165    2.0
166    0.0
167    0.0
168    1.0
169    0.0
170    1.0
171    0.0
172    0.0
173    1.0
174    0.0
175    0.0
176    0.0
177    0.0
178    1.0
179    1.0
180    0.0
181    0.0
182    0.0
183    0.0
184    0.0
185    1.0
186    0.0
187    1.0
188    0.0
189    1.0
190    0.0
191    0.0
192    1.0
193    0.0
194    0.0
195    0.0
196    0.0
197    0.0
198    0.0
199    0.0
200    0.0
201    0.0
202    0.0
203    0.0
204    0.0
205    0.0
206    0.0
207    1.0
208    0.0
209    1.0
210    0.0
211    0.0
212    0.0
213    1.0
214    0.0
215    1.0
216    0.0
217    0.0
218    1.0
219    0.0
220    0.0
221    0.0
222    2.0
223    0.0
224    1.0
225    0.0
226    0.0
227    1.0
228    0.0
229    0.0
230    1.0
231    1.0
232    1.0
233    0.0
234    3.0
235    0.0
236    1.0
237    0.0
238    1.0
239    0.0
240    0.0
241    0.0
242    1.0
243    0.0
244    0.0
245    1.0
246    0.0
247    0.0
248    1.0
249    0.0
250    2.0
251    2.0
252    0.0
253    0.0
254    1.0
255    0.0
256    0.0
257    0.0
258    1.0
259    1.0
260    0.0
261    0.0
262    1.0
263    0.0
264    0.0
265    1.0
266    0.0
267    1.0
268    1.0
269    0.0
270    1.0
271    0.0
272    1.0
273    1.0
274    1.0
275    4.0
276    1.0
277    6.0
278    0.0
279    2.0
280    1.0
281    2.0
282    1.0
283    1.0
284    3.0
285    1.0
286    0.0
287    0.0
288    0.0
289    3.0
290    0.0
291    2.0
292    2.0
293    2.0
294    7.0
295    3.0
296    4.0
297    1.0
298    3.0
299    2.0
300    0.0
301    2.0
302    3.0
303    2.0
304    2.0
305    3.0
306    4.0
307    1.0
308    1.0
309    2.0
310    2.0
311    7.0
312    3.0
313    5.0
314    1.0
315    4.0
316    9.0
317    5.0
318    7.0
319    4.0
320    4.0
321    5.0
322    4.0
323    3.0
324    2.0
325    2.0
326    4.0
327    8.0
328    4.0
329    8.0
330    6.0
331    7.0
332    3.0
333    4.0
334    5.0
335    4.0
336    7.0
337    9.0
338    10.0
339    10.0
340    5.0
341    8.0
342    5.0
343    2.0
344    5.0
345    11.0
346    6.0
347    6.0
348    9.0
349    7.0
350    4.0
351    10.0
352    11.0
353    9.0
354    12.0
355    10.0
356    8.0
357    5.0
358    6.0
359    9.0
360    8.0
361    3.0
362    7.0
363    9.0
364    5.0
365    9.0
366    10.0
367    11.0
368    11.0
369    11.0
370    15.0
371    11.0
372    17.0
373    7.0
374    13.0
375    21.0
376    20.0
377    20.0
378    11.0
379    14.0
380    27.0
381    18.0
382    21.0
383    19.0
384    24.0
385    20.0
386    12.0
387    14.0
388    23.0
389    17.0
390    26.0
391    14.0
392    21.0
393    20.0
394    22.0
395    27.0
396    20.0
397    28.0
398    18.0
399    39.0
400    10.0
401    30.0
402    27.0
403    22.0
404    18.0
405    21.0
406    40.0
407    38.0
408    18.0
409    21.0
410    32.0
411    15.0
412    29.0
413    32.0
414    36.0
415    26.0
416    21.0
417    22.0
418    21.0
419    38.0
420    34.0
421    35.0
422    21.0
423    26.0
424    32.0
425    33.0
426    39.0
427    31.0
428    39.0
429    40.0
430    26.0
431    24.0
432    25.0
433    44.0
434    37.0
435    26.0
436    31.0
437    30.0
438    39.0
439    41.0
440    37.0
441    30.0
442    40.0
443    36.0
444    32.0
445    34.0
446    25.0
447    43.0
448    35.0
449    38.0
450    29.0
451    35.0
452    47.0
453    34.0
454    38.0
455    34.0
456    34.0
457    29.0
458    33.0
459    31.0
460    43.0
461    32.0
462    29.0
463    31.0
464    26.0
465    32.0
466    34.0
467    19.0
468    31.0
469    32.0
470    27.0
471    30.0
472    21.0
473    37.0
474    29.0
475    32.0
476    36.0
477    38.0
478    36.0
479    32.0
480    31.0
481    39.0
482    33.0
483    35.0
484    41.0
485    38.0
486    35.0
487    33.0
488    42.0
489    27.0
490    20.0
491    36.0
492    33.0
493    16.0
494    28.0
495    40.0
496    30.0
497    30.0
498    36.0
499    28.0
500    36.0
501    26.0
502    36.0
503    30.0
504    24.0
505    19.0
506    24.0
507    33.0
508    22.0
509    21.0
510    24.0
511    23.0
512    29.0
513    35.0
514    40.0
515    34.0
516    24.0
517    30.0
518    19.0
519    30.0
520    37.0
521    21.0
522    30.0
523    36.0
524    31.0
525    36.0
526    33.0
527    30.0
528    44.0
529    32.0
530    35.0
531    34.0
532    29.0
533    21.0
534    14.0
535    31.0
536    33.0
537    24.0
538    33.0
539    17.0
540    27.0
541    20.0
542    25.0
543    18.0
544    23.0
545    21.0
546    34.0
547    20.0
548    21.0
549    22.0
550    29.0
551    17.0
552    26.0
553    21.0
554    28.0
555    27.0
556    25.0
557    21.0
558    30.0
559    25.0
560    29.0
561    27.0
562    29.0
563    12.0
564    19.0
565    30.0
566    20.0
567    21.0
568    15.0
569    24.0
570    33.0
571    30.0
572    28.0
573    13.0
574    13.0
575    22.0
576    21.0
577    27.0
578    21.0
579    18.0
580    16.0
581    24.0
582    23.0
583    22.0
584    22.0
585    20.0
586    22.0
587    24.0
588    25.0
589    24.0
590    12.0
591    18.0
592    24.0
593    17.0
594    14.0
595    23.0
596    14.0
597    18.0
598    14.0
599    30.0
600    25.0
601    23.0
602    19.0
603    16.0
604    8.0
605    29.0
606    23.0
607    18.0
608    14.0
609    29.0
610    14.0
611    21.0
612    19.0
613    17.0
614    20.0
615    27.0
616    18.0
617    15.0
618    16.0
619    20.0
620    13.0
621    23.0
622    17.0
623    26.0
624    19.0
625    13.0
626    13.0
627    16.0
628    8.0
629    28.0
630    25.0
631    20.0
632    12.0
633    26.0
634    21.0
635    24.0
636    21.0
637    10.0
638    21.0
639    23.0
640    17.0
641    21.0
642    25.0
643    17.0
644    21.0
645    7.0
646    22.0
647    26.0
648    24.0
649    13.0
650    17.0
651    10.0
652    19.0
653    32.0
654    19.0
655    18.0
656    17.0
657    10.0
658    11.0
659    23.0
660    9.0
661    14.0
662    22.0
663    20.0
664    13.0
665    18.0
666    20.0
667    15.0
668    18.0
669    9.0
670    17.0
671    14.0
672    9.0
673    24.0
674    20.0
675    30.0
676    13.0
677    16.0
678    24.0
679    21.0
680    17.0
681    27.0
682    19.0
683    15.0
684    13.0
685    23.0
686    15.0
687    15.0
688    23.0
689    23.0
690    17.0
691    20.0
692    17.0
693    17.0
694    13.0
695    7.0
696    27.0
697    32.0
698    14.0
699    23.0
700    14.0
701    20.0
702    14.0
703    22.0
704    18.0
705    27.0
706    13.0
707    23.0
708    11.0
709    19.0
710    16.0
711    22.0
712    18.0
713    14.0
714    18.0
715    23.0
716    21.0
717    24.0
718    23.0
719    22.0
720    27.0
721    8.0
722    17.0
723    11.0
724    19.0
725    27.0
726    20.0
727    14.0
728    22.0
729    16.0
730    22.0
731    24.0
732    18.0
733    16.0
734    18.0
735    24.0
736    21.0
737    42.0
738    28.0
739    25.0
740    29.0
741    18.0
742    15.0
743    23.0
744    22.0
745    23.0
746    18.0
747    29.0
748    21.0
749    22.0
750    17.0
751    23.0
752    21.0
753    20.0
754    13.0
755    11.0
756    24.0
757    19.0
758    15.0
759    21.0
760    22.0
761    17.0
762    18.0
763    29.0
764    19.0
765    18.0
766    15.0
767    15.0
768    21.0
769    17.0
770    28.0
771    27.0
772    16.0
773    15.0
774    19.0
775    13.0
776    18.0
777    21.0
778    17.0
779    19.0
780    17.0
781    17.0
782    21.0
783    9.0
784    14.0
785    21.0
786    14.0
787    25.0
788    21.0
789    27.0
790    24.0
791    12.0
792    24.0
793    30.0
794    22.0
795    26.0
796    22.0
797    28.0
798    19.0
799    41.0
800    21.0
801    13.0
802    26.0
803    26.0
804    33.0
805    24.0
806    16.0
807    25.0
808    20.0
809    23.0
810    23.0
811    30.0
812    13.0
813    20.0
814    18.0
815    19.0
816    33.0
817    25.0
818    21.0
819    21.0
820    20.0
821    20.0
822    26.0
823    20.0
824    28.0
825    15.0
826    21.0
827    23.0
828    23.0
829    25.0
830    21.0
831    20.0
832    22.0
833    33.0
834    27.0
835    19.0
836    23.0
837    38.0
838    17.0
839    32.0
840    20.0
841    14.0
842    19.0
843    24.0
844    13.0
845    33.0
846    18.0
847    16.0
848    19.0
849    22.0
850    15.0
851    13.0
852    29.0
853    20.0
854    19.0
855    33.0
856    25.0
857    18.0
858    15.0
859    16.0
860    20.0
861    37.0
862    30.0
863    25.0
864    26.0
865    26.0
866    27.0
867    29.0
868    19.0
869    17.0
870    25.0
871    30.0
872    23.0
873    17.0
874    35.0
875    31.0
876    28.0
877    25.0
878    14.0
879    35.0
880    9.0
881    29.0
882    33.0
883    32.0
884    22.0
885    10.0
886    17.0
887    21.0
888    29.0
889    16.0
890    18.0
891    25.0
892    26.0
893    20.0
894    28.0
895    18.0
896    25.0
897    28.0
898    15.0
899    20.0
900    26.0
901    27.0
902    24.0
903    23.0
904    26.0
905    31.0
906    20.0
907    16.0
908    28.0
909    17.0
910    20.0
911    27.0
912    33.0
913    25.0
914    25.0
915    22.0
916    17.0
917    35.0
918    23.0
919    30.0
920    25.0
921    25.0
922    29.0
923    26.0
924    23.0
925    23.0
926    30.0
927    28.0
928    25.0
929    34.0
930    27.0
931    27.0
932    27.0
933    24.0
934    23.0
935    23.0
936    23.0
937    28.0
938    28.0
939    30.0
940    26.0
941    29.0
942    36.0
943    31.0
944    31.0
945    27.0
946    33.0
947    25.0
948    33.0
949    37.0
950    29.0
951    29.0
952    19.0
953    40.0
954    26.0
955    18.0
956    26.0
957    34.0
958    29.0
959    29.0
960    22.0
961    24.0
962    29.0
963    31.0
964    22.0
965    33.0
966    25.0
967    19.0
968    34.0
969    27.0
970    28.0
971    32.0
972    22.0
973    31.0
974    24.0
975    39.0
976    29.0
977    34.0
978    32.0
979    35.0
980    34.0
981    34.0
982    39.0
983    21.0
984    18.0
985    38.0
986    36.0
987    37.0
988    33.0
989    33.0
990    27.0
991    28.0
992    29.0
993    28.0
994    31.0
995    49.0
996    36.0
997    30.0
998    41.0
999    32.0
1000    31.0
1001    43.0
1002    33.0
1003    34.0
1004    40.0
1005    32.0
1006    40.0
1007    30.0
1008    40.0
1009    24.0
1010    25.0
1011    35.0
1012    35.0
1013    25.0
1014    38.0
1015    34.0
1016    33.0
1017    40.0
1018    36.0
1019    33.0
1020    27.0
1021    22.0
1022    23.0
1023    25.0
1024    26.0
1025    29.0
1026    24.0
1027    30.0
1028    39.0
1029    21.0
1030    37.0
1031    34.0
1032    20.0
1033    32.0
1034    34.0
1035    19.0
1036    29.0
1037    32.0
1038    30.0
1039    36.0
1040    30.0
1041    28.0
1042    35.0
1043    30.0
1044    28.0
1045    35.0
1046    17.0
1047    35.0
1048    25.0
1049    19.0
1050    30.0
1051    22.0
1052    26.0
1053    30.0
1054    32.0
1055    23.0
1056    37.0
1057    23.0
1058    15.0
1059    29.0
1060    24.0
1061    30.0
1062    33.0
1063    22.0
1064    35.0
1065    13.0
1066    25.0
1067    25.0
1068    22.0
1069    29.0
1070    31.0
1071    34.0
1072    25.0
1073    36.0
1074    24.0
1075    30.0
1076    6.0
1077    31.0
1078    25.0
1079    21.0
1080    29.0
1081    34.0
1082    14.0
1083    20.0
1084    26.0
1085    25.0
1086    25.0
1087    33.0
1088    23.0
1089    22.0
1090    18.0
1091    21.0
1092    21.0
1093    21.0
1094    26.0
1095    25.0
1096    32.0
1097    24.0
1098    24.0
1099    22.0
1100    27.0
1101    15.0
1102    30.0
1103    20.0
1104    28.0
1105    25.0
1106    26.0
1107    26.0
1108    19.0
1109    24.0
1110    21.0
1111    19.0
1112    21.0
1113    15.0
1114    24.0
1115    11.0
1116    11.0
1117    20.0
1118    21.0
1119    36.0
1120    28.0
1121    16.0
1122    27.0
1123    18.0
1124    12.0
1125    23.0
1126    20.0
1127    15.0
1128    25.0
1129    27.0
1130    22.0
1131    19.0
1132    19.0
1133    18.0
1134    20.0
1135    8.0
1136    19.0
1137    17.0
1138    26.0
1139    18.0
1140    16.0
1141    22.0
1142    8.0
1143    15.0
1144    16.0
1145    9.0
1146    13.0
1147    23.0
1148    18.0
1149    14.0
1150    10.0
1151    21.0
1152    13.0
1153    18.0
1154    17.0
1155    10.0
1156    18.0
1157    12.0
1158    18.0
1159    12.0
1160    19.0
1161    19.0
1162    7.0
1163    14.0
1164    8.0
1165    9.0
1166    10.0
1167    8.0
1168    15.0
1169    16.0
1170    6.0
1171    17.0
1172    14.0
1173    13.0
1174    17.0
1175    6.0
1176    9.0
1177    14.0
1178    6.0
1179    15.0
1180    12.0
1181    8.0
1182    11.0
1183    7.0
1184    10.0
1185    16.0
1186    13.0
1187    17.0
1188    9.0
1189    15.0
1190    8.0
1191    11.0
1192    8.0
1193    15.0
1194    6.0
1195    9.0
1196    17.0
1197    12.0
1198    13.0
1199    9.0
1200    10.0
1201    13.0
1202    12.0
1203    8.0
1204    12.0
1205    12.0
1206    17.0
1207    7.0
1208    9.0
1209    13.0
1210    11.0
1211    16.0
1212    7.0
1213    5.0
1214    11.0
1215    5.0
1216    20.0
1217    10.0
1218    5.0
1219    15.0
1220    9.0
1221    5.0
1222    10.0
1223    6.0
1224    10.0
1225    12.0
1226    7.0
1227    8.0
1228    18.0
1229    1.0
1230    8.0
1231    5.0
1232    7.0
1233    11.0
1234    7.0
1235    9.0
1236    7.0
1237    13.0
1238    9.0
1239    8.0
1240    9.0
1241    9.0
1242    3.0
1243    5.0
1244    10.0
1245    8.0
1246    8.0
1247    13.0
1248    14.0
1249    4.0
1250    4.0
1251    4.0
1252    5.0
1253    4.0
1254    5.0
1255    5.0
1256    7.0
1257    9.0
1258    9.0
1259    6.0
1260    14.0
1261    8.0
1262    6.0
1263    8.0
1264    17.0
1265    7.0
1266    11.0
1267    7.0
1268    10.0
1269    7.0
1270    2.0
1271    8.0
1272    6.0
1273    10.0
1274    3.0
1275    9.0
1276    12.0
1277    5.0
1278    10.0
1279    3.0
1280    8.0
1281    0.0
1282    11.0
1283    7.0
1284    9.0
1285    12.0
1286    5.0
1287    5.0
1288    8.0
1289    3.0
1290    13.0
1291    8.0
1292    4.0
1293    5.0
1294    10.0
1295    9.0
1296    8.0
1297    9.0
1298    4.0
1299    9.0
1300    10.0
1301    4.0
1302    5.0
1303    7.0
1304    2.0
1305    14.0
1306    6.0
1307    7.0
1308    2.0
1309    3.0
1310    6.0
1311    2.0
1312    5.0
1313    9.0
1314    4.0
1315    6.0
1316    6.0
1317    3.0
1318    2.0
1319    8.0
1320    4.0
1321    8.0
1322    14.0
1323    5.0
1324    8.0
1325    6.0
1326    0.0
1327    6.0
1328    2.0
1329    7.0
1330    1.0
1331    9.0
1332    5.0
1333    10.0
1334    8.0
1335    3.0
1336    0.0
1337    1.0
1338    5.0
1339    7.0
1340    3.0
1341    4.0
1342    4.0
1343    3.0
1344    4.0
1345    4.0
1346    8.0
1347    3.0
1348    7.0
1349    3.0
1350    4.0
1351    4.0
1352    5.0
1353    3.0
1354    5.0
1355    5.0
1356    4.0
1357    11.0
1358    6.0
1359    3.0
1360    4.0
1361    2.0
1362    6.0
1363    3.0
1364    3.0
1365    2.0
1366    3.0
1367    3.0
1368    5.0
1369    2.0
1370    1.0
1371    2.0
1372    5.0
1373    2.0
1374    3.0
1375    2.0
1376    3.0
1377    3.0
1378    6.0
1379    2.0
1380    1.0
1381    4.0
1382    3.0
1383    7.0
1384    5.0
1385    3.0
1386    1.0
1387    6.0
1388    2.0
1389    5.0
1390    2.0
1391    3.0
1392    5.0
1393    6.0
1394    1.0
1395    5.0
1396    3.0
1397    5.0
1398    1.0
1399    4.0
1400    2.0
1401    3.0
1402    6.0
1403    1.0
1404    2.0
1405    5.0
1406    6.0
1407    4.0
1408    2.0
1409    5.0
1410    6.0
1411    2.0
1412    1.0
1413    2.0
1414    5.0
1415    0.0
1416    6.0
1417    2.0
1418    4.0
1419    4.0
1420    1.0
1421    3.0
1422    2.0
1423    1.0
1424    7.0
1425    5.0
1426    4.0
1427    2.0
1428    0.0
1429    3.0
1430    7.0
1431    1.0
1432    3.0
1433    2.0
1434    3.0
1435    5.0
1436    1.0
1437    2.0
1438    1.0
1439    1.0
