0    0.0
1    0.0
2    0.0
3    0.0
4    0.0
5    0.0
6    0.0
7    0.0
8    0.0
9    2.0
10    0.0
11    1.0
12    3.0
13    1.0
14    0.0
15    1.0
16    1.0
17    5.0
18    0.0
19    1.0
20    3.0
21    2.0
22    4.0
23    1.0
24    3.0
25    0.0
26    7.0
27    3.0
28    6.0
29    3.0
30    7.0
31    3.0
32    3.0
33    3.0
34    7.0
35    5.0
36    7.0
37    5.0
38    4.0
39    9.0
40    4.0
41    11.0
42    11.0
43    8.0
44    7.0
45    7.0
46    9.0
47    5.0
48    5.0
49    3.0
50    1.0
51    3.0
52    1.0
53    0.0
54    2.0
55    2.0
56    1.0
