00:00    8.0    311.0    5.0    34.0    358.0   
02:00    0.0    179.0    4.0    23.0    206.0   
04:00    0.0    694.0    12.0    91.0    797.0   
06:00    0.0    3199.0    34.0    638.0    3871.0   
08:00    0.0    2787.0    38.0    498.0    3323.0   
10:00    0.0    2298.0    45.0    244.0    2587.0   
12:00    0.0    2380.0    40.0    306.0    2726.0   
14:00    0.0    2573.0    42.0    442.0    3057.0   
16:00    0.0    3287.0    45.0    753.0    4085.0   
18:00    0.0    2259.0    69.0    266.0    2594.0   
20:00    0.0    1189.0    16.0    116.0    1321.0   
22:00    3.0    483.0    8.0    69.0    563.0   
