00:00    8.0    47.0    1.0    4.0    60.0   
00:01    0.0    53.0    0.0    5.0    58.0   
00:02    0.0    63.0    2.0    6.0    71.0   
00:03    0.0    46.0    0.0    7.0    53.0   
00:04    0.0    25.0    0.0    1.0    26.0   
00:05    0.0    18.0    1.0    1.0    20.0   
00:06    0.0    30.0    1.0    6.0    37.0   
00:07    0.0    29.0    0.0    4.0    33.0   
00:08    0.0    38.0    0.0    4.0    42.0   
00:09    0.0    22.0    0.0    5.0    27.0   
00:10    0.0    22.0    2.0    2.0    26.0   
00:11    0.0    21.0    0.0    2.0    23.0   
00:12    0.0    13.0    0.0    1.0    14.0   
00:13    0.0    19.0    1.0    3.0    23.0   
00:14    0.0    18.0    0.0    2.0    20.0   
00:15    0.0    26.0    1.0    4.0    31.0   
00:16    0.0    29.0    1.0    2.0    32.0   
00:17    0.0    42.0    0.0    11.0    53.0   
00:18    0.0    65.0    2.0    7.0    74.0   
00:19    0.0    74.0    0.0    12.0    86.0   
00:20    0.0    57.0    2.0    9.0    68.0   
00:21    0.0    116.0    1.0    13.0    130.0   
00:22    0.0    152.0    3.0    15.0    170.0   
00:23    0.0    159.0    3.0    22.0    184.0   
00:24    0.0    231.0    3.0    29.0    263.0   
00:25    0.0    314.0    7.0    47.0    368.0   
00:26    0.0    362.0    2.0    60.0    424.0   
00:27    0.0    422.0    5.0    90.0    517.0   
00:28    0.0    447.0    7.0    103.0    557.0   
00:29    0.0    469.0    5.0    111.0    585.0   
00:30    0.0    485.0    2.0    105.0    592.0   
00:31    0.0    469.0    3.0    93.0    565.0   
00:32    0.0    305.0    7.0    83.0    395.0   
00:33    0.0    437.0    15.0    141.0    593.0   
00:34    0.0    423.0    1.0    66.0    490.0   
00:35    0.0    375.0    0.0    41.0    416.0   
00:36    0.0    327.0    2.0    45.0    374.0   
00:37    0.0    309.0    3.0    45.0    357.0   
00:38    0.0    323.0    6.0    34.0    363.0   
00:39    0.0    288.0    4.0    43.0    335.0   
00:40    0.0    281.0    6.0    27.0    314.0   
00:41    0.0    292.0    8.0    18.0    318.0   
00:42    0.0    272.0    12.0    25.0    309.0   
00:43    0.0    295.0    2.0    31.0    328.0   
00:44    0.0    278.0    3.0    26.0    307.0   
00:45    0.0    300.0    4.0    32.0    336.0   
00:46    0.0    289.0    3.0    42.0    334.0   
00:47    0.0    291.0    7.0    43.0    341.0   
00:48    0.0    290.0    6.0    34.0    330.0   
00:49    0.0    290.0    3.0    27.0    320.0   
00:50    0.0    275.0    9.0    33.0    317.0   
00:51    0.0    297.0    9.0    26.0    332.0   
00:52    0.0    306.0    2.0    36.0    344.0   
00:53    0.0    296.0    2.0    38.0    336.0   
00:54    0.0    342.0    1.0    65.0    408.0   
00:55    0.0    284.0    8.0    47.0    339.0   
00:56    0.0    312.0    6.0    43.0    361.0   
00:57    0.0    320.0    5.0    42.0    367.0   
00:58    0.0    280.0    9.0    59.0    348.0   
00:59    0.0    307.0    3.0    36.0    346.0   
01:00    0.0    285.0    4.0    45.0    334.0   
01:01    0.0    364.0    4.0    79.0    447.0   
01:02    0.0    354.0    3.0    60.0    417.0   
01:03    0.0    351.0    8.0    78.0    437.0   
01:04    0.0    429.0    2.0    93.0    524.0   
01:05    0.0    428.0    7.0    80.0    515.0   
01:06    0.0    455.0    3.0    101.0    559.0   
01:07    0.0    399.0    5.0    83.0    487.0   
01:08    0.0    424.0    5.0    118.0    547.0   
01:09    0.0    396.0    6.0    102.0    504.0   
01:10    0.0    362.0    11.0    94.0    467.0   
01:11    0.0    394.0    6.0    82.0    482.0   
01:12    0.0    340.0    11.0    74.0    425.0   
01:13    0.0    341.0    15.0    45.0    401.0   
01:14    0.0    329.0    11.0    49.0    389.0   
01:15    0.0    332.0    5.0    26.0    363.0   
01:16    0.0    254.0    10.0    24.0    288.0   
01:17    0.0    238.0    7.0    14.0    259.0   
01:18    0.0    223.0    7.0    17.0    247.0   
01:19    0.0    202.0    3.0    17.0    222.0   
01:20    0.0    199.0    4.0    15.0    218.0   
01:21    0.0    173.0    2.0    25.0    200.0   
01:22    0.0    191.0    1.0    13.0    205.0   
01:23    0.0    133.0    2.0    19.0    154.0   
01:24    0.0    159.0    3.0    17.0    179.0   
01:25    0.0    143.0    3.0    7.0    153.0   
01:26    0.0    103.0    0.0    10.0    113.0   
01:27    0.0    88.0    1.0    10.0    99.0   
01:28    0.0    87.0    1.0    6.0    94.0   
01:29    0.0    89.0    0.0    17.0    106.0   
01:30    0.0    60.0    2.0    9.0    71.0   
01:31    0.0    56.0    0.0    9.0    65.0   
01:32    0.0    61.0    2.0    9.0    72.0   
01:33    0.0    50.0    1.0    8.0    59.0   
01:34    0.0    41.0    2.0    4.0    47.0   
01:35    3.0    39.0    0.0    7.0    49.0   
