0
0
2
3
0
0
0
1
0
0
0
0
0
0
2
0
0
0
0
2
0
0
0
0
2
1
1
2
0
1
1
0
0
0
1
0
0
1
0
2
2
1
0
1
0
3
2
0
2
1
0
0
0
0
2
1
0
1
0
1
1
1
1
0
0
0
0
0
1
0
1
0
1
1
0
0
0
0
1
0
1
0
0
0
0
0
0
1
0
0
2
0
0
0
0
0
0
1
0
0
2
0
0
0
1
0
0
1
0
2
1
0
0
2
1
0
0
2
0
0
1
0
1
0
0
0
2
0
2
1
1
0
2
1
0
1
3
0
2
1
2
3
0
1
0
0
1
0
1
0
0
1
1
0
1
1
1
1
1
0
0
0
0
2
2
2
0
0
1
0
1
0
0
1
0
0
0
0
1
1
0
0
0
0
0
1
0
1
0
1
0
0
1
0
0
0
0
0
0
0
0
0
0
0
0
0
0
1
0
1
0
0
0
1
0
1
0
0
1
0
0
0
2
0
1
0
0
1
0
0
1
1
1
0
3
0
1
0
1
0
0
0
1
0
0
1
0
0
1
0
2
2
0
0
1
0
0
0
1
1
0
0
1
0
0
1
0
1
1
0
1
0
1
1
1
4
1
6
0
2
1
2
1
1
3
1
0
0
0
3
0
2
2
2
7
3
4
1
3
2
0
2
3
2
2
3
4
1
1
2
2
7
3
5
1
4
9
5
7
4
4
5
4
3
2
2
4
8
4
8
6
7
3
4
5
4
7
9
10
10
5
8
5
2
5
11
6
6
9
7
4
10
11
9
12
10
8
5
6
9
8
3
7
9
5
9
10
11
11
11
15
11
17
7
13
21
20
20
11
14
27
18
21
19
24
20
12
14
23
17
26
14
21
20
22
27
20
28
18
39
10
30
27
22
18
21
40
38
18
21
32
15
29
32
36
26
21
22
21
38
34
35
21
26
32
33
39
31
39
40
26
24
25
44
37
26
31
30
39
41
37
30
40
36
32
34
25
43
35
38
29
35
47
34
38
34
34
29
33
31
43
32
29
31
26
32
34
19
31
32
27
30
21
37
29
32
36
38
36
32
31
39
33
35
41
38
35
33
42
27
20
36
33
16
28
40
30
30
36
28
36
26
36
30
24
19
24
33
22
21
24
23
29
35
40
34
24
30
19
30
37
21
30
36
31
36
33
30
44
32
35
34
29
21
14
31
33
24
33
17
27
20
25
18
23
21
34
20
21
22
29
17
26
21
28
27
25
21
30
25
29
27
29
12
19
30
20
21
15
24
33
30
28
13
13
22
21
27
21
18
16
24
23
22
22
20
22
24
25
24
12
18
24
17
14
23
14
18
14
30
25
23
19
16
8
29
23
18
14
29
14
21
19
17
20
27
18
15
16
20
13
23
17
26
19
13
13
16
8
28
25
20
12
26
21
24
21
10
21
23
17
21
25
17
21
7
22
26
24
13
17
10
19
32
19
18
17
10
11
23
9
14
22
20
13
18
20
15
18
9
17
14
9
24
20
30
13
16
24
21
17
27
19
15
13
23
15
15
23
23
17
20
17
17
13
7
27
32
14
23
14
20
14
22
18
27
13
23
11
19
16
22
18
14
18
23
21
24
23
22
27
8
17
11
19
27
20
14
22
16
22
24
18
16
18
24
21
42
28
25
29
18
15
23
22
23
18
29
21
22
17
23
21
20
13
11
24
19
15
21
22
17
18
29
19
18
15
15
21
17
28
27
16
15
19
13
18
21
17
19
17
17
21
9
14
21
14
25
21
27
24
12
24
30
22
26
22
28
19
41
21
13
26
26
33
24
16
25
20
23
23
30
13
20
18
19
33
25
21
21
20
20
26
20
28
15
21
23
23
25
21
20
22
33
27
19
23
38
17
32
20
14
19
24
13
33
18
16
19
22
15
13
29
20
19
33
25
18
15
16
20
37
30
25
26
26
27
29
19
17
25
30
23
17
35
31
28
25
14
35
9
29
33
32
22
10
17
21
29
16
18
25
26
20
28
18
25
28
15
20
26
27
24
23
26
31
20
16
28
17
20
27
33
25
25
22
17
35
23
30
25
25
29
26
23
23
30
28
25
34
27
27
27
24
23
23
23
28
28
30
26
29
36
31
31
27
33
25
33
37
29
29
19
40
26
18
26
34
29
29
22
24
29
31
22
33
25
19
34
27
28
32
22
31
24
39
29
34
32
35
34
34
39
21
18
38
36
37
33
33
27
28
29
28
31
49
36
30
41
32
31
43
33
34
40
32
40
30
40
24
25
35
35
25
38
34
33
40
36
33
27
22
23
25
26
29
24
30
39
21
37
34
20
32
34
19
29
32
30
36
30
28
35
30
28
35
17
35
25
19
30
22
26
30
32
23
37
23
15
29
24
30
33
22
35
13
25
25
22
29
31
34
25
36
24
30
6
31
25
21
29
34
14
20
26
25
25
33
23
22
18
21
21
21
26
25
32
24
24
22
27
15
30
20
28
25
26
26
19
24
21
19
21
15
24
11
11
20
21
36
28
16
27
18
12
23
20
15
25
27
22
19
19
18
20
8
19
17
26
18
16
22
8
15
16
9
13
23
18
14
10
21
13
18
17
10
18
12
18
12
19
19
7
14
8
9
10
8
15
16
6
17
14
13
17
6
9
14
6
15
12
8
11
7
10
16
13
17
9
15
8
11
8
15
6
9
17
12
13
9
10
13
12
8
12
12
17
7
9
13
11
16
7
5
11
5
20
10
5
15
9
5
10
6
10
12
7
8
18
1
8
5
7
11
7
9
7
13
9
8
9
9
3
5
10
8
8
13
14
4
4
4
5
4
5
5
7
9
9
6
14
8
6
8
17
7
11
7
10
7
2
8
6
10
3
9
12
5
10
3
8
0
11
7
9
12
5
5
8
3
13
8
4
5
10
9
8
9
4
9
10
4
5
7
2
14
6
7
2
3
6
2
5
9
4
6
6
3
2
8
4
8
14
5
8
6
0
6
2
7
1
9
5
10
8
3
0
1
5
7
3
4
4
3
4
4
8
3
7
3
4
4
5
3
5
5
4
11
6
3
4
2
6
3
3
2
3
3
5
2
1
2
5
2
3
2
3
3
6
2
1
4
3
7
5
3
1
6
2
5
2
3
5
6
1
5
3
5
1
4
2
3
6
1
2
5
6
4
2
5
6
2
1
2
5
0
6
2
4
4
1
3
2
1
7
5
4
2
0
3
7
1
3
2
3
5
1
2
1
1
